BNN architecture: mnist-100-bnn_2blk_25_10

(N = number of input instance, MM = number of MaxSAT models,  No EXP = number of explanations, M = number of models enumerated )

All experiments were run on a system with the following specifications: 12th Gen Intel(R) Core(TM) i5-1235U, 1.3GHz CPU, 8GB RAM.

Experiment 1:
                                                                                                                               
N =1, time-out = 2000; OUTPUT = 106 ; No other breaks

Input instance: [-1, 2, -3, -4, 5, 6, 7, -8, 9, 10, 11, -12, 13, 14, 15, 16, 17, 18, 19, 20, 21, -22, 23, -24, 25, 26, -27, -28, 29, -30, -31, 32, 33, -34, -35, -36, -37, 38, -39, 40, -41, -42, -43, -44, 45, 46, -47, 48, -49, -50, 51, 52, -53, 54, -55, -56, 57, 58, 59, -60, 61, -62, -63, -64, 65, 66, -67, 68, -69, -70, -71, -72, -73, 74, 75, 76, 77, -78, 79, 80, 81, 82, -83, 84, 85, -86, -87, 88, 89, 90, -91, -92, 93, -94, -95, 96, 97, 98, 99, -100]

|        1 |   0.445411 |       2026.66 | [[29], [95], [40, 88], [68, 80], [74, 79], [74, 80], [63, 74], [65, 74], [68, 74], [47, 74], [10, 68], [94, 95], [92, 94], [92, 95], [18, 29], [17, 29], [24, 29], [24, 68], [14, 68], [15, 68], [15, 47], [10, 47], [12, 47], [12, 37], [77, 92], [66, 92], [27, 68], [12, 45], [24, 47], [24, 95], [22, 95], [11, 95], [11, 47], [47, 77], [47, 92], [4, 60], [12, 40], [40, 94], [17, 45], [45, 79], [12, 17], [17, 90], [90, 95], [90, 94], [10, 24], [10, 74], [10, 29], [15, 29], [29, 42], [42, 47], [12, 42], [12, 29], [11, 29], [11, 27], [11, 68], [40, 45], [47, 90], [47, 75], [37, 90], [17, 37], [17, 74], [15, 74], [74, 95], [71, 95], [72, 95], [29, 72], [29, 71], [71, 74], [72, 74], [74, 90], [36, 79], [74, 92], [17, 80], [17, 79], [37, 63], [47, 63], [40, 65], [47, 65], [40, 79], [40, 80], [45, 80], [24, 90], [29, 75], [71, 77], [77, 90], [75, 95], [22, 90], [22, 74], [74, 77], [44, 74], [44, 83], [12, 95], [12, 36], [36, 92], [37, 94], [36, 94], [36, 95]] |   97 |       97 |


Experiment 2: 

OUTPUT = 106; N = 2(second instance not terminating); NO time_out; if if Explanation_list != [] is active

Number of variables: 11975
the input variables: [1, 2, 3, 4, 5, 6, 7, 8, 9, 10, 11, 12, 13, 14, 15, 16, 17, 18, 19, 20, 21, 22, 23, 24, 25, 26, 27, 28, 29, 30, 31, 32, 33, 34, 35, 36, 37, 38, 39, 40, 41, 42, 43, 44, 45, 46, 47, 48, 49, 50, 51, 52, 53, 54, 55, 56, 57, 58, 59, 60, 61, 62, 63, 64, 65, 66, 67, 68, 69, 70, 71, 72, 73, 74, 75, 76, 77, 78, 79, 80, 81, 82, 83, 84, 85, 86, 87, 88, 89, 90, 91, 92, 93, 94, 95, 96, 97, 98, 99, 100]
the output variables: [101, 102, 103, 104, 105, 106, 107, 108, 109, 110]
c is true
Solving time for first SAT call: 0.046708000000000194 seconds
Input instance: [1, -2, 3, 4, 5, 6, 7, 8, 9, -10, -11, -12, -13, 14, -15, -16, 17, 18, -19, 20, 21, -22, -23, -24, 25, -26, 27, 28, 29, -30, 31, -32, 33, -34, 35, -36, 37, -38, 39, 40, -41, -42, 43, 44, 45, -46, 47, -48, -49, 50, -51, -52, 53, 54, -55, 56, -57, 58, 59, 60, 61, 62, -63, -64, 65, 66, 67, 68, 69, 70, 71, 72, 73, -74, 75, 76, 77, 78, -79, -80, 81, -82, 83, 84, 85, -86, -87, 88, -89, 90, 91, 92, -93, 94, 95, -96, 97, 98, -99, 100]
starting compute
end compute
COST: 2
filtered MaxSAT model: [-1, 2, -3, -4, -5, -6, -7, -8, -9, 10, 11, 12, 13, 14, 15, 16, -17, -18, 19, -20, -21, 22, 23, 24, -25, 26, -27, -28, -29, 30, -31, 32, -33, 34, -35, 36, -37, 38, -39, -40, 41, 42, -43, -44, -45, 46, -47, 48, 49, -50, 51, 52, -53, -54, 55, -56, 57, -58, -59, -60, -61, -62, 63, 64, -65, -66, -67, -68, -69, -70, -71, -72, -73, 74, -75, -76, -77, -78, 79, 80, -81, 82, -83, -84, -85, 86, 87, -88, 89, -90, -91, -92, 93, 94, -95, 96, -97, -98, 99, -100]
EXPLANATION IS: [14, 94]
EXPLANATION LIST [[14, 94]]
Found an explanation
Compute time: 1.8948273658752441 seconds
started checking for real explanations
Solving time for second SAT call: 0.0012106000000002837 seconds
Solving time for both SAT calls: 0.04791860000000048 seconds
+----------+------------+---------------+----------------+------+----------+
|   Output |   SAT_time |   MaxSAT_time | Explanations   |   MM |   No EXP |
+==========+============+===============+================+======+==========+
|        1 |  0.0479186 |       1.89483 | [[14, 94]]     |    1 |        1 |
+----------+------------+---------------+----------------+------+----------+
c is true
Solving time for first SAT call: 0.07365770000000005 seconds
Input instance: [-1, -2, 3, 4, 5, 6, -7, -8, -9, 10, -11, -12, 13, -14, 15, 16, 17, 18, 19, 20, -21, 22, 23, 24, -25, -26, 27, 28, -29, -30, 31, -32, 33, -34, -35, -36, 37, -38, 39, 40, -41, -42, 43, 44, -45, 46, -47, -48, 49, -50, 51, -52, -53, -54, 55, 56, -57, 58, 59, 60, 61, -62, 63, -64, -65, 66, -67, 68, 69, 70, -71, -72, -73, 74, 75, 76, -77, 78, 79, 80, 81, 82, 83, 84, 85, 86, -87, 88, 89, 90, -91, -92, 93, -94, -95, 96, -97, -98, 99, -100]
starting compute

3) Experiment 3:

N =1, time-out = 50; OUTPUT = 106

M = 10000

--------------------------------------------------+------+----------+
|   Output |   SAT_time |   MaxSAT_time | Explanations                                                                                                                                                               |   MM |   No EXP |
+==========+============+===============+============================================================================================================================================================================+======+==========+
|        1 |  0.0295781 |       51.4676 | [[14, 94], [62, 83], [68, 83], [83, 94], [67, 83], [62, 68], [14, 95], [14, 25], [67, 73], [62, 73], [68, 73], [25, 34], [33, 62], [62, 94], [62, 95], [25, 83], [34, 83]] |   17 |       17 |
+----------+------------+---------------+----------------------------------------------------------------------------------------------------------------------------------------------------------------------------+------+----------+

M = 1000

+----------+------------+---------------+----------------------------------------------------------------------------------------------------------------------------------------------------------------------------+------+----------+
|   Output |   SAT_time |   MaxSAT_time | Explanations                                                                                                                                                               |   MM |   No EXP |
+==========+============+===============+============================================================================================================================================================================+======+==========+
|        1 |   0.021484 |       52.6915 | [[14, 94], [62, 83], [68, 83], [83, 94], [67, 83], [62, 68], [14, 95], [14, 25], [67, 73], [62, 73], [68, 73], [25, 34], [33, 62], [62, 94], [62, 95], [25, 83], [34, 83]] |   17 |       17 |
+----------+------------+---------------+----------------------------------------------------------------------------------------------------------------------------------------------------------------------------+------+----------+
Done with all input instances

M = 100

+----------+------------+---------------+----------------------------------------------------------------------------------------------------------------------------------------------------------------------------+------+----------+
|   Output |   SAT_time |   MaxSAT_time | Explanations                                                                                                                                                               |   MM |   No EXP |
+==========+============+===============+============================================================================================================================================================================+======+==========+
|        1 |  0.0211375 |        51.311 | [[14, 94], [62, 83], [68, 83], [83, 94], [67, 83], [62, 68], [14, 95], [14, 25], [67, 73], [62, 73], [68, 73], [25, 34], [33, 62], [62, 94], [62, 95], [25, 83], [34, 83]] |   17 |       17 |
+----------+------------+---------------+----------------------------------------------------------------------------------------------------------------------------------------------------------------------------+------+----------+

Experiment 4:

N =1, time-out = 1800; OUTPUT = 106 ; M =100; All other break statements commented out

Input instance: [1, -2, 3, 4, 5, 6, 7, 8, 9, -10, -11, -12, -13, 14, -15, -16, 17, 18, -19, 20, 21, -22, -23, -24, 25, -26, 27, 28, 29, -30, 31, -32, 33, -34, 35, -36, 37, -38, 39, 40, -41, -42, 43, 44, 45, -46, 47, -48, -49, 50, -51, -52, 53, 54, -55, 56, -57, 58, 59, 60, 61, 62, -63, -64, 65, 66, 67, 68, 69, 70, 71, 72, 73, -74, 75, 76, 77, 78, -79, -80, 81, -82, 83, 84, 85, -86, -87, 88, -89, 90, 91, 92, -93, 94, 95, -96, 97, 98, -99, 100]

|        1 |  0.0330295 |        1852.1 | [[14, 94], [62, 83], [68, 83], [83, 94], [67, 83], [62, 68], [14, 95], [14, 25], [67, 73], [62, 73], [68, 73], [25, 34], [33, 62], [62, 94], [62, 95], [25, 83], [34, 83], [25, 95], [25, 94], [25, 62], [25, 68], [67, 68], [14, 34], [73, 83], [83, 95], [73, 95], [73, 94], [14, 62], [14, 33], [25, 33], [33, 83], [62, 67], [34, 62], [34, 67], [34, 73], [25, 73], [33, 73], [33, 67], [25, 67], [67, 95], [67, 94], [14, 73], [14, 68], [14, 67], [14, 83], [20, 34, 73], [20, 73, 95], [17, 73, 94], [20, 73, 94], [33, 62, 88], [33, 62, 69], [25, 67, 83], [25, 68, 83], [25, 69, 83], [33, 41, 83], [62, 68, 69], [68, 69, 83], [62, 73, 94], [62, 73, 95], [62, 83, 88], [14, 62, 68], [14, 62, 69], [14, 62, 83], [25, 33, 41], [14, 48, 68], [14, 41, 68], [25, 41, 68], [25, 41, 67], [14, 41, 67], [14, 41, 62], [25, 48, 95], [25, 48, 94], [14, 34, 62], [67, 68, 83], [48, 67, 68], [48, 62, 67], [52, 62, 67], [7, 62, 67], [33, 73, 83], [33, 67, 83]] |   80 |       80 |