+----------+--------------+------------+---------------+-------------------------------------------------------------------+------------------------------------------+
|   Output | Input        |   SAT time |   MaxSAT time | Filtered MaxSAt models                                            | Explanations                             |
+==========+==============+============+===============+===================================================================+==========================================+
|        1 | [1, 2, -3]   |   3.86e-05 |   0.000339746 | [[-1, 2, 3], [1, 2, 3], [1, 2, -3]]                               | [[1, 2], [1, 2, 3]]                      |
+----------+--------------+------------+---------------+-------------------------------------------------------------------+------------------------------------------+
|        1 | [1, 2, 3]    |   2.51e-05 |   0.000210047 | [[1, 2, -3], [-1, 2, 3], [1, 2, 3]]                               | [[1, 2], [2, 3], [1, 2, 3]]              |
+----------+--------------+------------+---------------+-------------------------------------------------------------------+------------------------------------------+
|        1 | [-1, 2, 3]   |   2.25e-05 |   0.000200987 | [[1, 2, -3], [1, 2, 3], [-1, 2, 3]]                               | [[2, 3], [1, 2, 3]]                      |
+----------+--------------+------------+---------------+-------------------------------------------------------------------+------------------------------------------+
|        0 | [-1, 2, -3]  |   2.65e-05 |   0.000226974 | [[1, -2, 3], [1, -2, -3], [-1, -2, 3], [-1, -2, -3], [-1, 2, -3]] | [[], [3], [1], [1, 3], [1, 2, 3]]        |
+----------+--------------+------------+---------------+-------------------------------------------------------------------+------------------------------------------+
|        0 | [1, -2, 3]   |   1.2e-05  |   0.000224352 | [[-1, 2, -3], [-1, -2, -3], [1, -2, -3], [-1, -2, 3], [1, -2, 3]] | [[], [2], [1, 2], [2, 3], [1, 2, 3]]     |
+----------+--------------+------------+---------------+-------------------------------------------------------------------+------------------------------------------+
|        0 | [1, -2, -3]  |   1.98e-05 |   0.000267029 | [[-1, 2, -3], [-1, -2, 3], [-1, -2, -3], [1, -2, 3], [1, -2, -3]] | [[3], [2], [2, 3], [1, 2], [1, 2, 3]]    |
+----------+--------------+------------+---------------+-------------------------------------------------------------------+------------------------------------------+
|        0 | [-1, -2, -3] |   2.4e-05  |   0.000295877 | [[1, -2, 3], [-1, -2, 3], [1, -2, -3], [-1, 2, -3], [-1, -2, -3]] | [[2], [1, 2], [2, 3], [1, 3], [1, 2, 3]] |
+----------+--------------+------------+---------------+-------------------------------------------------------------------+------------------------------------------+
|        0 | [-1, -2, 3]  |   1.85e-05 |   0.00023675  | [[-1, 2, -3], [1, -2, -3], [-1, -2, -3], [1, -2, 3], [-1, -2, 3]] | [[1], [2], [1, 2], [2, 3], [1, 2, 3]]    |
+----------+--------------+------------+---------------+-------------------------------------------------------------------+------------------------------------------+